0.0
0.0
0.0
0.0
0.0
0.0
0.0
0.0
0.0
0.0
0.0
0.0
0.0
0.0
0.0
0.0
0.0
0.0
0.0
0.0
0.0
0.0
0.0
0.0
0.0
0.0
0.0
0.0
0.0
0.0
0.0
0.0
0.0
0.0
0.0
0.0
0.0
0.0
0.0
0.0
0.0
0.0
0.0
0.0
0.0
0.0
0.0
0.0
0.0
0.0
0.0
0.0
0.0
0.0
0.0
0.0
0.0
0.0
0.0
0.0
0.0
0.0
0.0
0.0
0.0
0.0
0.0
0.0
0.0
0.0
0.0
0.0
0.0
0.0
0.0
0.0
0.0
0.0
0.0
0.0
0.0
0.0
0.0
0.0
0.0
0.0
0.0
0.0
0.0
0.0
0.0
0.0
0.0
0.0
0.0
0.0
0.0
0.0
0.0
0.0
0.0
0.0
0.0
0.0
0.0
0.0
0.0
0.0
0.0
0.0
0.0
0.0
-8.786792343953666
1.0545936953149615
-2.4000000000000004
-1.717409350715369
1.6520887204905246
0.0
0.0959610698723345
-15.188569114075941
0.7706609625796329
-4.794769568522799
-4.0624448744022885
0.0
0.0
-6.763865081276662
0.0
0.0
0.0
0.0
0.0
0.0
0.0
0.0
-12.254105556304
0.0
0.0
0.0
0.0
0.0
-3.508620989337
-2.1868405677
-2.0
0.0
0.0
0.0
-2.946419885301984
-9.828240000000001
-2.544
0.24350520372405882
0.0
0.0
0.0
-2.4869563925603617
0.0
0.0
0.0
0.0
0.0
0.0
0.0
0.0
0.0
0.0
-4.822
0.0
0.0
0.0
-1.8
3.255365418263464
-3.24846776593
0.0
0.0
0.0
-0.6000000000000001
-0.2403
-9.504975519143281
-2.14
-0.5469225960882529
0.0
-3.9688048329144916
0.5953346077557374
0.0
0.0
-2.8000000000000003
0.0
0.0
0.0
0.0
-3.04
0.0
-3.64
0.0
0.0
0.0
0.0
-1.0
3.1932530494141025
0.0
0.0
0.0
-0.998240900888209
-0.6000000000000001
-11.388154750163187
-13.003099825648171
-1.6708781695303911
0.0
-2.3742699676845986
0.0
-4.6372267162261975
0.0
0.0
0.0
0.19817030626804596
0.0
0.0
0.0
0.0
0.0
-1.0
0.0
0.0
0.0
-3.876842970916139
-10.317
0.21876184607026491
-2.3629687616170014
-1.4859704145052177
5.108877491604789
0.0
0.17490555776175087
-6.0600000000000005
-0.21257356440076414
-1.7093250755092333
-3.95792469412051
2.777304977802346
0.0
-3.3418677394633307
0.0
0.0
0.0
0.0
0.0
0.0
0.0
0.0
0.0
0.0
0.0
0.0
0.0
-1.0
0.21717272985073308
-0.47331616191160875
0.43785468335165295
0.0
1.1055348016513697
0.0
2.0604971304462634
-1.0
-0.54
0.35366209067989973
0.0
4.591894956842196
1.4075982009821253
0.9068011029557299
0.0
0.0
-1.6
0.0
0.0
0.0
0.0
0.0
0.0
0.0
-1.6
0.0
0.0
0.0
0.07827254884431775
0.17978393536487067
-2.609683341043434
-0.22412556240855028
-2.9629687616170015
0.0
3.619613255345117
-3.5886158797585015
-1.2000000000000002
-2.3664710138495515
-0.21625049932953022
-3.243116481016102
0.0
-1.0649046463733387
-3.5100000000000002
0.0
0.0
-1.0
0.0
0.0
0.0
0.0
-2.4000000000000004
0.0
-2.8800000000000003
0.0
0.0
0.0
-1.0
0.6017816615189103
-1.1544475749836474
-0.6936144233999544
0.0
0.07510624275075717
10.240132284962787
-2.234563817007038
-7.090364675672589E-4
-0.7418426591436804
2.4291443768716288E-4
0.0
0.0
3.8850117114850873
-2.5
-1.6
0.0
-0.08185651648461359
0.0
0.0
1.6150299049840366
-4.936
-3.5872773283004995
0.0
0.0
0.0
0.0
0.0
-0.5994947962759412
-1.7061075665692118
-2.358360610163186
-1.0
-0.228695803537049
0.0
4.22930775970676
-1.0
-1.9478242637362
-0.5994821391449714
0.0
0.0
0.0
7.403790521358568
2.127375430801805
0.0
0.0
0.0
-1.0896548587774748
0.0
0.0
-2.9979246941205098
0.0
0.0
0.0
-1.5279760357492262
0.0
0.0
-2.7
0.601117764696155
-1.1964947962759414
-0.9640162934824078
-0.9820000000000001
0.0
14.658994876096433
-2.533044630430919
0.0
-1.6
-0.9994947962759412
0.0
0.0
5.66212405325823
0.003287277198072
-1.0
-3.0395941633088803
-2.9782500818027198
0.0
0.0
1.6351030910961812
-11.020125935221026
0.004509296568
-4.335671272280193
-5.551170164310358
0.0
0.0
1.1981664212175684
-1.8601777778212156
0.0
-0.31807928837367677
-1.489420036107259
0.0
-2.8992920213455124
5.619025514020665
0.8672691543786515
-3.2455771260129347
-1.9808334159543832
-2.6979230446162576
0.0
-0.6000000000000001
0.0
-2.9800000000000004
0.0016886127528497501
-1.6
0.2119613255345117
0.0
0.0
0.0
-14.377110078347753
0.0
-4.5034
-1.6
0.0
0.0
0.0
-1.4580000000000002
-2.9853279
-2.325544370420696
-1.0
-1.0665463086583173
-4.0126711241656405
11.396458719785148
2.8347315474705717
0.0
-1.1128151084972688
0.0
-1.9634890717992963
0.0
1.714002243522347
-2.8
-0.6000000000000001
-1.6
-2.4400000000000004
0.0
0.0
-4.302021445478411
0.0
0.0
-1.9763489071799296
0.0
0.0
0.0
0.0
-0.6000000000000001
-2.2670999288584577
-2.1207894122964897
-0.6000000000000001
-0.10766907039603865
-0.07291969041878242
5.186450081984134
0.0
0.0
-2.9376941045783442
-0.6000000000000001
0.0
0.0
5.242819605716052
0.01954554568656598
0.0
0.0
0.0
0.0
0.0
-1.0
0.0
0.0
0.0
0.0
-1.6
0.0
0.0
-2.0222912413118324
-1.5791886253923169
-2.22
-0.62913159975438
-1.0
-2.767608195991454
10.523372502881342
-0.7805494617005206
-0.07841374573374324
0.0
0.2278257475647737
0.0
0.0
10.29219107814573
-1.6
0.2984631480540544
0.0
0.0
-1.12133506556256
-0.6000000000000001
5.5122238045010725
-3.58
0.0
-6.552160000000001
0.0
0.0
0.0
0.0
-2.4755088186426817
-5.2685651648461365
-1.3377475789892426
-2.2030827274568088
-2.3780845316648347
-3.331325754874559
-0.1871648537585049
-2.2471569270859235
-2.40881528006632
0.932188240864095
-2.986
0.0
0.0
7.316217287793907
-3.31
0.0
-1.0
0.0
0.0
0.0
0.0
0.0
-2.948804832914492
0.0
0.0
0.0
0.0
0.0
-0.54
-1.0
-1.0140554478338222
-1.4736078070818
-2.7962924171274226
-0.025132964952395836
17.00871305721369
-0.443205577855388
-0.9
0.0
0.0
1.3156927017541795
0.0
8.518875802864454
0.0
1.922192003641366E-4
-3.875999997774317
0.0
0.0
-3.383201703491752
0.0
-2.788496462076935
0.0
-1.6
0.0
0.0
0.0
-0.3531592607771968
-2.800954145732573
-2.7851565866822376
-1.6429231225755083
-0.6000000000000001
-4.153799299857359
-1.1708056378181946
18.620544104165205
-5.77446
-1.4210411084164614
-0.6000000000000001
-0.6000000000000001
-4.428966294763386
0.0
3.662761523977359
0.0
0.0
0.0
0.0
0.0
-0.12156716937821632
0.25737850922160177
1.922192003641366E-4
-14.402938110947753
0.0
0.0
0.0
1.6758489693748686
0.0
-0.5349664318884688
-0.19749439486454257
-0.8977806436329694
-1.1163109297410363
-0.5707093767949744
-3.939411160698896
8.80973079137043
-1.7445763559424248
0.0
-0.5237099767114619
1.1112497811974245
-0.6433914153000567
1.167555797170899
-1.5507682444808557
-1.6
0.0
-1.6
0.6015362723872358
-1.6
0.0
-2.039186189972235
-16.3522671704031
0.0
0.04354369280828008
-2.0537542075427746
0.0
0.0
2.464117621787811
-2.470050099696213
-1.284010973662312
-2.9686482181750806
-1.215701752722296
0.45992021206084144
0.21725819649275513
-6.907048122733073
-4.917693998197197
-3.1842826006631704
-2.0231845164617264
-0.22567292721557997
-0.9359324752975459
-0.6350205706375671
-3.447852153545688
-9.3057746911
0.0
-2.08
-4.29
0.0
0.0
0.0
-14.68545916346168
0.0
-5.922477000000001
-3.04
0.0
0.0
3.09
-1.8037571021261365
-0.4753576463755984
0.0
-1.4273602353606738
-2.611104099525404
2.9510513961876463
14.569648987104914
0.0
0.0
0.5495366278694221
0.0
0.0
0.0
9.393022290412736
-0.32729732956923563
0.0
-1.8134475016278901
0.0
0.0
0.0
9.493907893716008
-3.58
0.0
-1.6
0.0
0.0
0.0
2.8060298081995967
-0.13879361095375817
-3.970375546839688
1.2168457801966164
-4.764657536087453
-2.684251368668618
-0.6592177736041593
11.172699761721843
-1.185497996275941
0.018762363920552777
-0.5846980044752255
-0.6222301718670884
-2.981940329300176
0.0
-0.9385446117448887
0.2658420000000001
-0.9774
0.0
0.0
1.2081733354790922
1.376228330264002
4.835645563458344
-1.2000000000000002
0.0
0.0019192503502677755
0.0
-1.970816239469928
0.0
3.708881303826358
-1.9110071784870266
-2.1814595511372046
-3.337974323448358
0.13986830682050677
-0.5160461331344421
-1.618618276560027
3.5180519161615624
0.0
-0.03326872900598435
-0.02325916237298121
-1.5713734650817277
2.4214420298739494
-6.155793915022933
1.1075369470807575
-1.0455408014193197
-1.62
-0.8506266644502899
-2.044557021622965
0.015582589861534268
0.15088215712091943
-2.3834881180000886
-12.596999200000003
0.0
-3.04
0.0
-3.544840087051547
-1.0646938918449713
-3.85
-3.343711560489556
-1.8748
-2.2890408043036197
-0.6216
-0.6533611625182687
-1.1054634114867001
-1.0680120439201588
-1.2733419249659628
-0.17131629726017905
-2.067142045033479
-0.9522874302437304
0.31639442025817277
1.209108103130072
0.5691143636507865
-1.0
0.30000000000000004
0.2073472115191038
-1.6
0.0
0.0
3.4258254581130236
-11.8742353918
0.0
-0.6000000000000001
-5.904236386901308
0.0
0.0
2.6806327970472967
-2.1566065657194744
0.22776849120339093
-6.156331527185589
-2.0024617183944198
-3.3966382693484496
-1.9662007185902743
-13.545315099708935
-3.157146770640874
-3.2161002405390327
-2.156421279541867
0.0
-0.7960374567657542
0.0
-2.0650711240776722
-1.6
0.17252013690822562
-1.1095969061583602
0.0
0.49667519498768775
-3.85
6.186604443197563
-13.883359973536797
-1.6
0.0
0.0
-8.877065267468476
-5.502400000000001
-1.4740000000000002
-0.6000000000000001
-4.476668999640608
-4.211419744145572
1.432098441440049
-2.289035751808146
-0.781385983599014
12.435430900603784
-1.2000000000000002
-8.463740310670142
-0.9642220201790037
-1.128
-2.9495058319434087
0.0
1.0844303105183024
-1.0
1.2996041942779493
1.0631293978528498
0.0
0.311429221380749
0.545327371817864
7.099765440380227
-1.1780845316648347
0.0
0.0
-1.1203079276939065
0.0
0.0
0.0
-1.2536425535067142
-0.9110573863719866
-1.5642105001176407
-1.452663707004526
-0.34225403234145063
-1.0492080284808514
-6.305499220134685
-0.29164469225005285
0.0
1.0813899493800891
-0.29399827379476573
0.422656182518243
-2.2308307872049786
-3.81712676252818
-0.033985212795289946
0.008085567362510532
-0.5173800000000001
0.0
-3.265474716064475
-2.3857041449061462
1.7874000834651196
-1.8
0.0
0.0
0.0
-0.10222252571445711
-4.921964587351882
-2.7
-0.10156558228971505
-1.0538565164846136
-1.2843520692052495
-5.1625961297417176
0.2897204849032795
4.4073596625235885
12.138683889060955
-2.629664141679318
-6.2868448856604955
-1.1408454511444566
-0.23827878854036966
0.9282295603225414
-0.28614109672205174
-1.4990597875825693
-11.720713134428523
0.0
-2.46917002
-1.1056035257139216
-0.5929927994702995
-1.492
-1.0
-9.645959315297853
-0.38189640492381804
0.0
-1.0
0.0
-0.8937913788889003
1.2000000000000002
-2.6965415765751586
-1.3030136714300817
-0.369073423207368
-4.361847557045185
-5.23584001914145
-1.2828192132610112
4.474106915878897
-0.10142062586767314
-0.0019793398531852574
-0.19957540413685515
-2.14713367168099
-0.5943664610658238
-0.004208287803175868
1.4470336732707205
-0.03655746932852177
-2.7351
-1.7372392229671205
-0.04965930342748573
-1.0932901356951061
0.10795414372878775
1.7944220735457517
0.0
-4.876
-2.31794045413307
0.0
-1.2000000000000002
0.0
0.6000000000000001
-1.3844241511901454
-2.308419712529422
-0.5285362303875583
-0.7257271822784847
-2.6076099691955044
-1.1225461103599823
0.8657564983036419
-0.6000000000000001
-0.9674217618279564
0.0
3.673643266577933
0.0
0.08312436383319405
-2.1203704252465867
0.0
-2.31
-1.1301167670313266
0.21422147208926898
-4.252703120243995
0.0
4.658553776737853
0.0
0.0
-2.2
-1.267488027899897
0.0
0.0
1.801476425667578
-1.77175025474086
-0.9761189686179642
-1.970878151664178
-1.1155904116486761
-1.6762948794835675
-0.8792767618731283
-2.4508345834075858
-2.097191126874112
-0.1500569073059579
-3.505081038920281
-0.12222801302878712
-0.17796192724230142
-0.08837850568688672
-0.19522390492229802
-1.6
-10.024282408922247
0.0
-0.6896741854390039
0.9085710835584108
0.0
1.7749165416592416
-13.484366129585357
-10.4691983679824
-6.09045334589069
-6.772736532907765
0.0
0.0
0.0
-1.2173155393680197
-0.7314063660634823
-2.9661523699179915
-1.129467372747049
-0.9083977352325232
2.5075840481914833
-4.839279046842512
-5.022206810017677
-2.475590463980017
0.0
-0.15787710081503734
0.1185631712202509
-0.6244231358810814
-1.054335338265943
-3.2875649668225946
-8.838031465857302
-0.8937913788889003
0.0
0.0
-1.4059898410595104
1.1800957901233309
-1.8052685571167497
-5.603050180443935
0.0
0.0
0.0
-1.119640578448533
0.0
-2.0
-1.251675232026151
-1.2778832239197637
-2.585134849065511
-3.2132971285967504
-0.2975228215691781
0.6000139972982534
-0.1619446064694666
0.0
0.5392438355628875
0.4150886571842526
-0.7413960220654088
-1.5589874318748107
-0.25499968920988136
-0.81
-1.5119812758126803
-1.3190599616847292
0.005733360183768644
-2.3438893081805445
-3.6415722278031737
2.900269064958213
0.0
-5.9297902286994155
0.0
-0.6000000000000001
-1.1052918732492365
-3.933284482485653
0.0
-1.179021411541283
-4.629423723059112
-2.5348609886829876
0.6760519583858947
-4.267697443539529
-6.6572222928329285
-0.14113979427691892
-1.7962667373284384
-3.0710727884969464
-2.7359831750103023
-1.725949017072967
-2.9962468334404733
-1.7322605396369184
-3.1302127692849324
-2.689717587898101
-0.9390477266470483
-2.265054451961679
-5.947822383998615
-2.719434095362164
-6.29961061983918
-1.265243261811199
0.0
-0.6000000000000001
-3.531906609496707
-8.044026902506042
-7.342150972840972
-12.689431118764569
1.5404992630645113
-5.268371903870342
-4.847612594544605
-7.562752086103097
-4.484712829768576
-4.484696552277166
-5.903642910758689
-4.027671631724676
-2.1465630083011416
-2.9493880353554
-4.233026517913092
-1.974930942481303
-4.47678489455606
-4.805943856745711
-5.244564048273101
-5.3409939567593
-1.7479126436864307
-12.58038024727153
-9.430736030289044
-8.078465869985179
-5.3967022703429
-3.400016780367637
-16.963009521423793
-6.388590861714848
-16.23387214428057
-2.3021774977141463
-15.657206632856832
0.6120259483041739
-1.555245008256733
-4.259864812861906
-4.563888230240098
-8.010345756147562
-7.250616006136639
-1.1272405558116307
2.2572665770309763
-1.5060001555649478
-1.721786185432825
-3.895275162148698
-2.500549130273347
-2.308623703268191
-5.817606007478414
-4.688522252612655
-3.787511575657749
-6.623985507137756
-5.67346
-8.142871762816657
-6.280055918680532
-2.1326284471866224
-4.168277188470919
2.8118849753177426
-7.120511514150044
-0.6000000000000001
-11.386044251281525
-12.86437859208354
0.0
-2.120478348508909
-3.3508501611117376
-5.154415987294624
-5.355837958738997
-2.8705109842712586
-0.18312565666206887
-2.5569682655851755
-6.15207371730205
-8.274548443235798
-1.497792368591577
-0.5571775980579046
-1.2076855831369357
-1.0805701247861907
-2.095566357074074
-4.664042610712459
-6.359250954977485
-6.34824437593998
-7.461608072572783
-10.671603785903896
-14.265350749060502
-10.863508706519596
-7.732943833176645
-5.207229480356009
-12.94055214026269
-13.415184970121166
-13.549436714399436
-14.49901809609453
-12.574670715227471
-6.198027120104556
-0.6748097804449822
0.0
0.0
0.0
0.0
0.0
0.0
0.0
0.0
0.0
0.0
0.0
0.0
0.0
0.0
0.0
0.0
0.0
0.0
0.0
0.0
0.0
0.0
0.0
0.0
0.0
0.0
0.0
0.0
0.0
0.0
0.0
0.0
0.0
0.0
0.0
0.0
0.0
0.0
0.0
0.0
0.0
0.0
0.0
0.0
0.0
0.0
0.0
0.0
0.0
0.0
0.0
0.0
0.0
0.0
0.0
0.0
0.0
0.0
0.0
0.0
0.0
0.0
0.0
0.0
0.0
0.0
0.0
0.0
0.0
0.0
0.0
0.0
0.0
0.0
0.0
0.0
0.0
0.0
0.0
0.0
0.0
0.0
0.0
0.0
0.0
0.0
0.0
0.0
0.0
0.0
0.0
0.0
0.0
0.0
0.0
0.0
0.0
0.0
0.0
0.0
0.0
0.0
0.0
0.0
0.0
0.0
0.0
0.0
0.0
0.0
0.0
0.0
-1.0
-0.6932193947132206
-2.4000000000000004
-1.6640512307718716
-1.7951150030449843
0.0
-5.3888795078990865
-5.313600000000001
-1.2015877111913813
-11.923227923241765
-8.90030162400191
-1.9
-1.488400162907141
-3.214622853
0.0
0.0
0.0
0.0
0.0
0.0
0.0
0.0
0.0
0.0
0.0
0.0
0.0
0.0
-1.8
0.0
0.0
0.5009485748202527
-4.6890514389541655
0.0
-2.4000000000000004
-3.9600000000000004
-3.5399764990728686
-1.6
-3.4262700000000006
0.0
0.0
-0.2359035953814276
0.0
-0.6000000000000001
0.0
0.0
0.0
0.0
0.0
0.0
-13.510194162185357
0.0
-0.6000000000000001
0.0
0.0
0.0
-1.62
-5.444671885455302
0.2073472115191038
0.0
0.0
0.0
-4.307024398228457
-2.6
-7.7658000000000005
-0.43390487726850097
-0.6000000000000001
-3.39164955965561
-2.4000000000000004
-5.3728017499422425
0.0
0.0
0.0
-1.6
0.0
0.0
-1.0
-3.04
-7.588000000000001
0.0
0.0
0.0
0.0
0.0
0.0
1.5038205991108913
-1.0
0.0
0.0
0.0
-1.0630126566665885
-8.2536
-8.584762806442072
-3.686878
-3.678
0.0
0.0
-3.0284636417516353
0.0
-3.91
0.0
0.0
0.0
0.0
0.0
-6.588
-14.402938110947753
-4.12
0.0
0.0
0.0
0.0
-1.8
-1.8461626596325076
-2.2675941576652976
-4.1770249426355335
1.9538918963767424
0.0
-1.6832900950202694
-6.276000000000001
1.578960983661083
0.0
-0.6000000000000001
0.12162519396459509
-0.8309959326280707
-4.805621084540686
0.0
0.0
0.0
0.0
0.0
0.0
0.0
0.0
0.0
0.0
0.0
0.0
0.0
0.0
-1.62
-1.0
0.0
7.197115933150476
0.0
0.0
0.022446069542996133
-0.6000000000000001
-0.035802994483869685
0.0
0.1771472413135673
0.0
0.0
4.961878235017034
-5.89606
-1.6
0.0
2.350401863795502
0.0
0.0
0.0
-10.263111131364
0.0
-0.6000000000000001
0.0
0.0
0.0
0.9721370494581024
0.0
0.0
-0.3948
-0.1251246944408937
-4.003662378358538
0.0
5.291875649754881
-0.18629999999999997
0.0
-5.7900253860649835
0.3150048927154463
0.0
0.0
0.984889997630416
-1.6
-3.0
2.1283504403443905
-1.9
0.0
0.0
0.0
-3.336
0.0
0.0
0.0
0.0
0.0
0.0
-2.0
4.8884960871449135
-1.5196320832391748
0.0
0.0
0.0
-0.9694506423728124
0.0
-1.2615465603847946
0.018121539190388416
0.0
0.0
0.0
-3.445190907158935
0.0
0.0
0.0
0.0
0.0
0.0
1.922192003641366E-4
0.0
0.0
0.0
0.0
0.0
0.0
-1.2151367123665124
-3.4800000000000004
1.5179136079651447
-0.22078956033638314
-3.709675316648347
0.4814828627315095
0.7341746740613674
18.612800745130713
-7.017
0.49762851506816913
0.0
-0.5994660374594528
0.5656794495401989
0.0
7.307010503427955
0.0
0.0
0.0
0.0
0.0
0.0
0.0
0.0
2.2128274007139446
0.0
1.8160994870962046
0.0
0.0
1.7863858137689257
-1.0
-0.81
-0.06310439696630248
-1.036056486756683
0.19843180585659753
0.0
29.618127192125062
0.0
0.0
0.0
0.0
0.0
0.0
9.549966534029188
-0.9997041450521735
3.287277198072E-4
0.0
3.8727166748854005
0.0
0.0
2.6202251487011647
-1.6
0.0
-1.59959416330888
0.0
0.0
0.0
0.0
-2.5
-2.62
-0.572003060997002
-0.9612682154512497
-0.54
-0.6000000000000001
2.840058885039491
-1.0
-2.22
-1.2764542960070082
-0.7645916417485137
0.0
0.0
4.236338061791658
-1.6
0.0
0.0
-0.34503554785408186
0.0
0.0
0.0
-16.94005881822136
-2.8200000000000003
-1.6
-3.04
0.0
0.0
0.0
-0.5020969537440001
0.08868350028647906
0.0021357688929348508
-3.2922298378249746
0.0
0.0
3.638140390025904
0.15099290149957603
1.4984809737054192
-3.7604099509442226
0.0
0.0
0.0
-0.2055057936358189
0.0
-1.0
-1.0
0.0
0.0
0.0
0.0
0.0
0.0
0.0
-1.6
0.0
0.0
0.0
-5.657031
-5.093649243217922
-2.54
-0.6000000000000001
-0.81967387074022
0.06592130130212383
24.830694085356157
-4.617196740000001
-0.9
-2.249316161911609
0.0
0.0
0.0
9.12276019438394
-2.4000000000000004
-1.0
-1.9
0.0
-2.4400000000000004
0.0
0.0
0.0
0.0
0.0
0.0
0.0
-2.14
0.0
-0.11316970343213392
-0.6000000000000001
-1.7175460784983514
-0.3740395792748634
-0.8392042427326779
-0.6255066381894812
38.48933849886873
-0.7156208170439065
-0.5097781932474591
0.0
-0.2940060778152832
0.0
0.0
-1.5114928230377724
0.0
0.0
0.0
0.0
0.0
-2.5
10.606061129940514
-8.180342033060224
0.0
0.0
-5.502400000000001
0.0
-1.6
1.9692244069410803
0.15602667937112624
-1.6
0.32164704527937893
-2.6142552564136783
-1.523046140878752
-2.423022479436684
10.303156927959364
0.4185874117819546
-1.0992330685923024
-0.5330949388154987
-0.23511769383830095
0.0
-0.5593215534457068
1.7722833699871081
-1.4623271329396241
0.0
0.0
-0.9423638322584049
0.0
0.0
0.0
-0.6000000000000001
0.0
-1.921587656842124
0.0
0.0
0.0
0.0
-1.0773150507432372
0.5682536584255015
-1.7094660374594528
1.5118514313031914
1.700999134323204
-1.47580468934279
24.2197415966382
0.0
0.0
0.0
-0.8082021446239321
-0.1856934798805246
0.0
8.203216027903274
-0.3335526384490942
-1.296
0.0
0.0
0.0
0.0
0.0
0.0
-3.336
0.0
0.0
0.0
0.0
0.0
-2.2
-3.554308877927397
-2.6400367910008
0.18777304964517283
-0.3272686036672367
-2.7625891886903644
18.23207455778179
0.0
0.0
0.0
0.1595030372005937
0.0
0.018266779465700714
19.289583244187494
0.0
-1.2000000000000002
0.0
7.056746176497782
0.0
0.0
9.588527655725958
0.0
0.0
0.0
0.0
-1.6084363388311194
0.0
0.0
-1.0
-1.608564498808211
0.021915468335165295
-0.5751338432827978
-0.05489651208725965
-2.824452053812683
29.11290098654547
-3.85
-1.4838421334427983
0.0
0.0
0.0
4.0583669112E-4
23.822607544184194
-2.2
0.0
0.0
0.3561548723012631
0.0
0.0022193563670305358
9.246702832096748
-15.154315962134977
0.0
-1.6
-4.952160000000001
0.0
0.0
3.5893189102339713
-4.522186127773227
-1.2000000000000002
-1.5672896417763713
-1.3992058617846128
-1.8489574038072687
0.08979216820539179
13.381497293890314
-5.351842005494607
1.8001835858271737
0.07785778366333862
-1.54
-0.6295558648361522
-1.2000000000000002
7.659318244070297
-1.0
0.0
0.0
-0.9588639025232696
0.0
0.0
0.0
0.0
0.0
0.0
0.0
0.0
0.0
0.0
-0.6000000000000001
-0.33994206161214485
-1.3065481457729085
-1.2084948259187351
0.5576748802708482
3.530841658546069
24.35005667846291
-1.7151487590132397
0.4814828627315095
0.0
-0.454057471134181
-1.0
-0.7114368963415353
13.978097090970643
-2.5
-0.571514875901324
-1.0
0.0
0.0
-0.6000000000000001
-3.8955616322903515
-5.9398
0.0
0.0
0.0
-1.6
0.0
0.0
-2.00890914
-1.623984871223718
-1.5882642709425778
4.459109144739328
-1.2900704489582597
0.23219235580418576
10.539916027174888
0.0
0.0
4.909403189335324
-0.15000000000000002
0.0
0.0
3.4194209016400348
-2.2
-2.1358649491563817
-1.0
0.0
0.0
-0.837073558927992
0.0
-1.6
-3.7734
0.0
-1.9021170163037449
0.0
0.0
2.9914554192389997
-0.01183565515532651
-0.9969014893321971
-1.9318417066000002
-1.2309670284085177
0.0
-0.9148927501384083
13.524880476456286
-0.0989104274818662
0.0
0.0
1.088743056165348
1.1291670442108601
-2.305290868580992
6.36356755946108
-2.172113403989774
-0.9
0.0
-1.346007035293177
0.0
0.0
12.458204160193528
-1.6
0.0
-3.1337230291134732
0.4685298701646903
0.0
0.0
1.5051863775496148
-1.5860699575225958
0.0
-2.0090148933219716
-2.8958056552582243
-0.6739368562153091
-0.17852758686432724
15.047759383640098
-3.646139801804091
5.712232776462601
0.0
-0.10142062586767314
-1.5778555947312116
0.4970287103236848
4.092509819692154
-3.925
0.0
0.0
0.20734723155025203
0.0
0.0
3.360116978091736
-14.61646365897024
0.0
-1.6
-0.2450438866022262
0.0
0.0
1.9069963857781251
-0.018657841745525153
-0.07514403131637033
-0.1517891936589295
-1.2441318763254285
-0.49763041155490667
-1.4753403484360548
-1.2001612773023398
0.0
0.27453016180242684
0.0
-0.7019837448917075
-0.09123136550891839
0.5079689205815616
0.1912998904287749
-0.32346274148995874
-1.0
-1.0
-3.184835802007239
0.0
0.0
-0.8093827
0.0
-5.532019582451028
0.0
0.3808909549967603
-1.8484973415971433
-1.6
-1.69
-4.625520850414002
-0.07683111159933764
8.932196787718302
4.57935458271567
-0.7557026043463527
-1.8985765350935533
13.88774556248753
-0.48973808199606295
-0.004545904142234547
1.7549754898344774
2.4984078658598046
0.0
0.0
7.071389424136411
-0.21164719177051772
-0.04786519118710172
-0.8794769961954002
-0.5991247824610368
0.0
0.0
4.545418290842802
0.0
0.0
0.0
-0.039084659505539326
0.0
0.0
0.0
-2.81
-1.0
-2.029873295109191
-0.8951378530368039
-1.473542055095537
1.949606778570074
13.918659010906993
0.0
1.1301601782041262
-0.004098713532639445
0.5584179561122257
1.8352565354619017
0.0
2.5603002261784025
0.0
0.0
0.0
-1.281852196609655
0.2725493325921558
-1.254438311859413
3.8712214124594904
0.0
0.0
0.0
0.0
0.0
-2.4235828410188427
1.268148
-1.9780019989772426
-5.1367080000000005
-0.3853771120775835
-3.1641152667149486
0.7793927451683089
3.576073949012519
2.0665084823545423
-0.6205360337482603
-4.167850919013169
-0.674061
-0.29217104738443067
-0.2998270027196723
-1.0382537042363618
2.872467542994563
-1.6
0.0
-0.17365222327613403
0.42716698233375505
-5.7893864529555135
-2.14
3.767528604662009
-4.876
-0.6000000000000001
0.0
0.0
-0.9341043457185604
-1.0933709510436327
-0.11998270027196711
-2.835984579428508
-3.0003098596308915
2.2348483228102753
0.4842548803041321
-1.6262136868873132
1.3631993638007835
-0.6995250946840493
-0.5856436671508546
-0.06214069317952364
-1.6623004598386504
0.41753767465668035
-0.34238203608874734
-0.8127760387791005
0.7088658453370513
-0.17153304756061266
-1.1558288874553286
-1.1403771112620944
-1.372769828298416
0.0
-0.18495983326638227
-2.2544747140812764
0.0
-0.6000000000000001
-2.9384695105720153
0.0
0.0
-1.695733320730654
0.0
-1.0
-0.511889440797552
1.8467128878362848
3.593656641277587
-1.7379224809803566
-0.3050237464806571
11.539984670332267
-0.9
0.0
-2.5886897015158463
5.217177424282209
0.0
0.0
2.7042370834610856
1.1234599987854947
-7.410550000000001
-1.4626871442269143
0.48419703152928384
-1.2000000000000002
0.0
3.7331709748266277
-7.138065695976202
-2.848473203480713
-10.504218640000001
0.7465167844163896
0.0
-0.7741880297619792
0.0
-0.05400000000000002
-0.4094185574410881
-1.755062171960144
1.1345022902217394
-2.80221587242579
-0.48879183665041287
7.350422110307569
-0.04657210369107895
1.467163814725636
-0.6055904198669214
-0.18288760075717383
-0.21723195792607225
-0.13866602133231556
-1.7089460376975651
-1.6
-1.0
-0.1530508859709414
-2.7254988256100097
0.3994607225496565
-2.4520880691784495
-0.31510806677048553
-14.832536203809815
0.0
0.0
-2.8134267157562576
0.0
0.5965932875160996
0.0
-1.3428222131510035
-1.2843000613980557
-1.6733863676610854
-4.587127398976865
1.119154683351653
0.6184054503685801
7.128526973277658
-0.5509293606183941
1.8719579576695438
0.0
-0.3656328005177131
0.6691928492585929
-3.501733873282117
0.7341175574095704
-7.504920427896
0.21866813437481067
-1.6
-0.004192644654565794
-0.9
-0.19475091877210204
3.5203921718128117
-14.134899203820186
0.0
0.0
0.0
0.0
-2.14
1.2000000000000002
-3.3955983326638224
-4.053955871540547
-3.0037458384627547
-5.68870332258539
-2.1666383180975393
-0.40876275981951604
-4.385239555472078
-1.6100445823213145
-0.3775224782397336
0.33236476907407875
-1.9871862422531077
-0.6000000000000001
-0.5884663577578695
-1.1948897789347148
-0.09000000000000001
-7.7569
-5.5035361334386055
-3.31
0.0
-1.987678416288561
-1.146924161601498
0.0
-2.2003556383771268
-3.7710434523792578
-8.170554540701247
0.0
0.0
0.0
-2.0
-4.169544000575988
1.3232307321697692
1.7142208241340051
-2.6800856980836802
1.167676612831202
-1.0481982995086985
-4.7613785718389225
-3.811405358887109
-0.38949872969511
1.129459671309443
-0.937475285423413
-5.481205630050695
-5.061059061931296
-2.009637885216347
-2.906191010205957
-9.457831975948036
-3.8790574776925495
-6.186791059205933
-2.636371795753804
8.210322754855223
-11.9498618518
-7.528588456534092
-12.471817503650904
-8.861643213426218
-11.580034969763902
-6.225882418901678
-0.055232096689997734
-5.7564727164636285
-5.961735805697025
-4.19683384639965
-1.1519702990111895
-5.663534482558481
1.0155038517432928
-2.8702689809619564
-5.0061619157827515
-5.127740344214877
-5.72827637602939
-3.349597385784965
-7.391183999247167
-2.0366587949332113
-3.758978038257927
-14.311334068524081
-6.024461428734498
-6.257760148265788
-7.657771027689856
-9.257397628557772
-11.703279212992266
1.391473045923473
-15.201321619326498
-2.3476980012489457
-8.58340152648922
-13.54390922356862
-10.843287475619833
-12.009230014132255
-1.6777529619999116
-3.6580671731505454
-4.543289287032974
-6.049900902156466
-5.125756510405049
-4.093024949691206
8.469004289142026
5.002608757508768
-3.2302598582521593
0.2804152261476951
-2.963939394497977
-3.0371266241515382
-5.755322046433942
4.341203286415612
-3.936880736145702
-4.473296667585719
-5.244726359803421
-7.510634355036215
-2.4244292970175563
-3.8229470049145533
-8.359077063822333
5.1418461812261524
-13.235705695536002
-12.227671996131967
-14.25928271825433
-7.515328760924616
-14.719765453906719
-8.474961462894207
2.749221127414344
-5.869473859670853
-7.366831641500166
-2.252904106470547
-6.240254146229702
-6.219848055252149
-0.9071964939092961
-6.469355649476882
-1.0305251972972538
-2.25598193364811
-2.8401870306757
-2.070168807717315
-4.170906752340962
-1.5982840807720178
-2.6218719642477204
-12.470694507462698
-13.67936879741834
-3.951621524645924
-13.806309762871688
-10.568262176358294
-5.060097475579844
1.2791878464781261
-17.834255505718318
-11.242318543850688
-13.962669924942194
-16.75649888837066
-13.706430710809988
-3.502276650308943
-1.561578020274393
0.0
0.0
0.0
0.0
0.0
0.0
0.0
0.0
0.0
0.0
0.0
0.0
0.0
0.0
0.0
0.0
0.0
0.0
0.0
0.0
0.0
0.0
0.0
0.0
0.0
0.0
0.0
0.0
0.0
0.0
0.0
0.0
0.0
0.0
0.0
0.0
0.0
0.0
0.0
0.0
0.0
0.0
0.0
0.0
0.0
0.0
0.0
0.0
0.0
0.0
0.0
0.0
0.0
0.0
0.0
0.0
0.0
0.0
0.0
0.0
0.0
0.0
0.0
0.0
0.0
0.0
0.0
0.0
0.0
0.0
0.0
0.0
0.0
0.0
0.0
0.0
0.0
0.0
0.0
0.0
0.0
0.0
0.0
0.0
0.0
0.0
0.0
0.0
0.0
0.0
0.0
0.0
0.0
0.0
0.0
0.0
0.0
0.0
0.0
0.0
0.0
0.0
0.0
0.0
0.0
0.0
0.0
0.0
0.0
0.0
0.0
0.0
-1.2000000000000002
0.0
-4.0329
0.0
2.293081740574613
0.0
19.895010531759738
-9.720564762349294
-1.8173062614587947
-0.30018347670884016
4.865136090462034
-1.2180658360508367
-0.18896806867304428
38.126645595003
0.0
0.0
0.0
0.0
0.0
0.0
0.0
0.0
-1.6
2.755754152539879
0.0
0.0
0.0
0.0
-1.458
-5.341591451379808
-1.5417083278696833
0.9916456396547568
2.240539254875823
0.0
-0.4930199697222548
-6.3
-0.22745499456703455
-9.765756
7.628997789200136
-0.784223827552274
0.0
-0.4478783772792483
-0.29876218288641176
0.0
0.0
-0.028899999999999926
0.0
0.0
0.0
0.0
0.0
0.0
0.0
0.0
0.0
0.0
1.7232950168783738
-3.7954789708600005
0.0
0.0
0.0
0.0
13.937651362223658
-0.5247188948057833
-7.083171452170983
-1.8986139366093862
0.0
1.9191798121721408
-3.3932700000000002
38.82090634011613
0.0
0.0
0.0
0.0
0.0
0.0
0.0
0.0
0.0
4.990692663999919
0.0
0.0
0.0
0.0
-2.557951420033116
-7.342490048456252
-0.9301072472003373
-2.4000000000000004
0.0
0.0
15.361984956564847
-5.322897555000001
-3.40409214
-3.4710537169437004
-2.256483780674123
-0.5148999293291684
0.0
22.932757046112645
0.0
0.0
0.0
0.0
3.5546073316786932
0.0
6.0083630064029325
-1.6
0.0
-5.308
0.0
0.0
-1.6
5.7926079905961245
-1.086
-3.142963128719064
-0.26085413148712633
0.0
1.7512191994261432
0.0
43.458347212582865
-2.4000000000000004
-0.8842597061343711
0.0
1.2435104193927133
-0.18409651631639923
0.0
24.955188852222456
0.0
0.0
0.0
0.0
0.0
0.0
8.616789144679181
0.1024289471058597
0.0
0.0
0.0
0.0
0.0
0.0
0.048128238960102265
-0.5939997827693747
0.8229269689855986
3.066105563564413
-1.9079636270994738
0.0
33.398477982096004
-0.07430448674742847
0.0
0.0
-0.32346274148995874
-0.5148999293291684
0.0
15.231247109739938
1.8845439412701408
0.0
0.0
0.0
5.270692423554458
0.0
-0.15000000000000002
0.0
0.0
0.0
0.0
0.0
0.0
4.6028857578774085
-1.5503162932461967
3.5824913
-0.18720030218894457
0.0
0.0
0.0
24.938267500668434
-1.4566791487243538
0.0
-5.387778116813357
-2.4946173616354668
-1.2000000000000002
0.0
12.552862681203974
-2.5
-2.2
0.0
0.0
-1.0
0.0
0.0
-14.377110078347753
-12.559126968073599
0.0
0.0
0.0
0.0
0.0
1.3993071436404427
0.46983661196726123
-0.8168466695732468
0.0
0.0
0.0
52.20179432313558
-1.6544204466462311
1.1
2.214
-1.9
0.0
0.0
40.40419729148332
-1.6
2.3648700000000002
4.475587033884956
0.0
0.0
0.0
3.4835896546185254
-2.04
0.0
1.69926
3.055644879960381
0.0
0.0
0.0
-0.6000000000000001
-2.2585032351584116
-0.54
-3.144534528014174
0.43668431738151825
0.0
49.099602926626076
0.03994794586770652
0.0
0.0
2.2992342504358816
0.06730601762006125
-0.3121857596981862
16.170998695396353
0.18657000000000004
0.0
0.0
0.0
0.0
0.0
6.718579379911609
0.0
0.0
0.0
0.0
0.0
0.0
0.0
-0.31707012870184825
-1.4205437282399003
0.2188553756846714
0.0
0.0
0.0
42.255402946798846
-0.580317
0.0
1.333883799827973
0.0
0.0
0.0
18.318958724955117
-1.58542
0.0
0.0
0.0
0.0
0.0
0.08081103299133251
0.16200000000000003
0.0
-1.6
0.0
-0.5980317
0.0
3.312234605854822
0.8911497627839033
-1.0355145246307782
-4.18181368367133
-3.786636408982308
1.2152602108042396
0.8785605354248056
44.65883477343555
0.009543534524037245
-3.4197998251919453
-1.6
-0.5245919328406612
-0.9204984635096651
-1.2000000000000002
14.988752643975989
0.0
0.0
0.0
0.0
0.0
0.0
4.938974015643883
-0.6000000000000001
0.0
0.0
0.0
0.0
0.0
6.001025354902055
-2.71
0.0
-1.62
0.4434058106577395
-0.6129999999999998
0.0
50.79473944388905
-2.71
-1.773954
0.4888839664791931
-2.1860367792932465
0.0
0.0
35.30980942539355
-4.1464
-3.31
-0.6000000000000001
3.7488834747
0.0
0.0
26.473261289279478
-3.8760000000000003
-2.04
-0.6000000000000001
0.0
0.0
0.0
0.0
-1.4098176886539961
-0.2111196942982776
-0.5257548736775747
4.105421734565149
0.0
-1.4830132617152723
42.456339489940405
-2.64438
-2.25
3.6245201035502714
-3.55700484705477
0.04642926082007315
0.0
39.22583316376987
0.0
-7.658544
0.0
0.0
0.0
0.0
2.8743021892436396
-3.0
-14.691002257428831
-1.6
0.0
0.0
0.0
0.5285656680340278
0.0
-0.4869630703355785
0.0
-0.24442910379378802
0.0
0.41272164152437396
28.16025884064905
0.0
0.9139704490996595
1.270443230058838
0.0
0.0
-0.46050401166973787
27.83919193044688
-2.9802222659444793
-3.292462447
0.0
0.0
0.0
0.0
15.806127363199014
-14.892254324942922
-5.928330964908599
0.0
0.0
0.0
0.0
0.0
-3.0120400000000003
-5.869215668326448
-1.7190391670607923
-0.5197150916252211
-2.874999393143723
6.533465828183206
43.06216725352952
0.7314627103978929
-4.860460000000001
0.0
0.0
-10.383168755209201
-1.9994205672542438
30.27669955039799
0.0
0.0
0.0
0.0
0.0
0.0
11.19888793336923
0.0
0.0
0.0
0.0
0.0
0.0
5.042859169786978
-0.35592155413101667
-4.753551798456762
-1.7296333219750175
-2.6345732539120257
4.299698915739605
1.1866797937087556
56.248703497944796
0.0
1.8301755135554187E-4
0.0
0.5412931253106303
0.6498686361331386
0.0
39.91621463932188
10.433043823863466
0.0
0.0
0.0
0.0
0.0
9.174960221587247
4.6004283038719
0.0
-1.6
0.0
0.0
0.0
3.21690332906388
-0.5299321445187131
-0.7434412371980007
-1.512
12.936033071363125
0.0
-3.85
45.134322520948565
-1.46093442
0.0
7.058551138235925
7.664409094639201
-1.3626658800506772
0.0
19.146108882655422
0.0
-0.6000000000000001
0.0
0.0
0.0
0.0
0.0
0.0
0.0
0.0
0.0
0.0
0.0
0.0
-0.13768489620318533
-0.5112534609130571
-0.5958581100707407
0.2554301229375654
-3.048412038707123
1.100127090997472
40.908290704024225
0.07925561118684504
0.0
3.4244568740885506
0.0
0.0
0.8934369337802179
31.858090544248007
0.0
0.019683000000000003
0.0014059090889372164
0.0
0.0
0.0
6.964777801210857
0.0
0.0
0.0
0.0
0.0
0.0
0.0
-0.02324522934
7.579307091530529
-1.4697147620825355
0.002377728412522593
-10.8655
3.933864403269619
31.412656054132682
-0.04374000000000001
-0.44763831107468416
-2.14
0.0
6.346367099813132
1.4986326164398989
22.211996729948858
0.0
-5.759366176878742
0.0
-1.7406341557369869
-1.0
0.0
12.809292369439016
0.009543534524037245
0.8079973849806543
-1.538235
0.0
0.0
0.0
5.604153883719203
0.3111857738813654
-1.898616381910894
0.34218533389966066
4.414827594923989
-0.5812712085334996
-2.692983785951223
47.546252926160136
-0.509686167277827
0.0
0.0
5.148295913944788
0.0
-4.772737187741182
45.06132935614986
0.0
0.0
0.0
0.0
1.8250590210414133
0.638211765251986
26.27038814043916
0.0
0.0
0.0
0.0
0.0
0.0
14.060729175032442
0.0
-0.10585301498545398
4.866141989830115
19.07183072998396
0.1114921540625429
-0.5746781784402848
9.30826247030228
2.69773422772646
-0.6000000000000001
2.0492639314643566
13.422817434775752
-0.6156914078179438
0.0
7.688846072342811
0.3000594592814582
0.0
0.0
0.0
0.0
0.0
9.262801710497373
0.0
0.0
0.0
0.7341746740613674
0.0
0.0
0.6041672182632711
-1.0
-1.3270784190763742
-1.8098734681819955
0.6817304262855958
-1.8976567847208408
2.4263283449224065
9.724457110347144
0.0
0.0
1.3313074275858954
0.0
0.0
-0.7339127851776567
8.370977840927079
0.0
0.0
0.0
0.0
0.0
-1.0721939008334695
10.32603675601015
0.0
0.0
0.0
0.0
0.0
0.0
0.25437504964369445
-0.9651183416417259
-1.3549075493865552
-2.7033197669295754
-0.4682016568813643
4.812332035197697
14.806348294026128
10.25252687139166
-0.6761879475606127
1.204974050763514
-0.03860796135351434
-1.0963521714638707
-1.1148999293291684
9.452439681463803
8.46541746112215
0.0
0.0
0.0
0.4953844541998091
0.0
-1.2000000000000002
10.340573725031657
-1.2000000000000002
0.0
0.0
-0.6000000000000001
0.0
0.0
1.6046961544403129
-1.62
0.0
-0.4739772710916608
3.146689997759763
0.46513714586706495
0.3996712772894211
18.63809892160682
-7.275416622359449E-4
0.829665418608019
0.07536795765904752
0.5333974858967164
0.0
0.0
3.926036263868884
1.647157962199877E-5
-4.476400000000001
1.3773418771842814E-5
2.8389288605539016
0.0
0.0
22.32205004857537
-0.6000000000000001
-4.6924
0.0
0.0
0.0
0.0
4.248578705892649
-2.36566
-0.5679636180868869
5.695882731525967
19.457991104734923
0.032007447321424846
0.16402351955376804
15.08475548363902
6.595624398820663
-0.6098055307008282
18.203120395869675
7.574160419101061
0.0
0.4039162072167935
6.074325306985072
-0.6000000000000001
-1.8511244333999999
0.0
-0.508003853489147
-1.2781529116425703
0.0
8.540655943212423
-0.6000000000000001
0.0
0.0
0.0
0.0
0.0
1.7822997454642668
-1.0
-0.45419636297817534
-3.878947634661605
-0.2859129162429619
0.20982309516989905
-0.738376105834128
16.75308582211466
-0.14446506537421155
0.0
-2.2
3.0312416798458743
0.0
-0.5988863955998248
7.275740336415348
0.5964496410465804
0.0
0.0
-0.010953717082209833
-1.482
0.0
12.495094282724056
0.0
-2.485033517057091
0.0
-0.6000000000000001
0.0
0.0
1.0399096674524522
-2.5382007
-1.2000000000000002
-2.536033122338179
1.648258160610526
0.4767539670726244
11.486875191106954
12.930113694310483
-0.674061
2.6881271193362184
-1.0
0.3353609100190609
5.966850432645933
6.9820114859658915
9.661284325193067
-1.6
0.0
0.0
-1.0
0.0
0.0
6.218901288026177
-16.44205469680743
-0.6000000000000001
-0.30731764474539003
-3.04
0.0
0.0
6.091142913354707
-1.3420626867050052
-0.7130232089423394
1.337387224162804
-3.116130892652716
-1.9432779702419132
1.3360747064022003
2.514584514308057
-0.9613808358108418
0.0
0.7409306483533831
0.0
0.0
0.41700094701732654
11.915511465734676
0.35861791845729446
0.03369085538831256
-1.6460098862450188
-2.2339780221182006
6.973568802000003E-5
-0.5213870054373091
9.03855062659356
-1.6
0.4186660656731694
-0.6043790702111386
0.0
0.0
0.0
2.161921665713663
-0.188286357654
-1.0
11.03476404833359
21.18095900964678
-1.8627723458753982
-0.29793255849598077
9.249170348197643
1.5
-0.19814331810712615
4.459786521125394
13.198724887955299
-0.5265860268052701
0.0
0.46395677504211563
0.0
0.0
0.49413700601473565
0.0
6.973568802000003E-5
0.5610628590285146
0.34307016284986935
0.0
0.0
-0.6332781713664506
0.0
0.0
0.0
5.104245772073972
-1.2935418280942281
-3.4868989710961893
-2.366793467514316
0.15227002543017706
-2.7854577940140004
-1.608857217396419
4.712878498996231
-0.06312638429605842
-0.12896646272709728
-1.4073650912024083
2.0674537860846023
-0.1889182882415343
0.6486947181117926
-0.4976206709350417
-0.54
0.0
-2.517210086155107
0.0
0.29066760415598714
1.4151147583672212
0.7883901993379119
0.0
0.0
-1.0035310788887863
0.0
0.24965482920989196
0.0
0.0
-0.674061
-3.949398395558238
-5.7089142359454765
-0.8138072112174494
2.543549381985299
9.117582095482112
7.865110423786842
-0.03188646
0.0
-0.039366000000000005
-1.2477576809839726
-1.6921255884011557
-1.8420480510015487
1.3850536165321126
-1.6
-0.6000000000000001
-0.8016449798012152
0.0
-0.15985984166899458
0.0
6.154291720964299
-14.262203441153844
0.0
-0.30731764474539003
0.0
0.0
-0.6000000000000001
5.971994456624613
-2.9438361826154114
-1.4061461802208974
5.849556024883371
1.386959989604845
-1.6615009588854992
1.820522093198783
2.371155932380166
-0.0026229562863926896
0.07565224711643992
3.296703767722851
1.5081392850646131
-0.5442461713399773
-4.223564264756263
-1.7001871686465013
-13.308207349996776
-1.6518929205973722
-6.823828859073641
-2.530529247279202
-8.07643691097705
-4.9373747622190995
6.120197537591073
-17.093450493810693
-10.653300109854133
-5.678543247078772
-5.811955068883799
-4.868914079713228
-3.304007623844689
0.9469408889589044
-2.734526473329358
-3.000943581349963
3.1547960817545686
9.303467848338675
-4.556327046423054
-4.911572803749639
2.6661244195627676
-2.1332858821638236
-2.7264999387088573
0.8367261743275598
6.768012502224419
-2.574897801707057
-1.7683225042237367
-4.9788318344734614
0.0
-8.601672367058125
-8.473236497961642
1.012430755385812
-6.367883195567109
-2.0127985235333865
0.4298847250808171
0.0
-8.855303987312578
-9.746273639618217
-7.707688902891806
-13.014546028458623
-11.613096533331316
0.622924133937865
-2.8764524424810376
-3.047142531314625
-3.7989400931762636
1.2848583421989639
-4.001776737683109
2.1139093439076437
0.17142869834580532
-2.93511780990173
-3.0467527039811233
-2.9683641846439315
-2.956987179348026
-2.4683720145628376
-3.5612392121337964
-4.874772803580632
-2.5252080011392737
-2.3766814621726757
-7.559465059306149
-8.76752958879413
-10.131243164049334
-6.6421845759845635
2.998980586032842
-13.611383476114707
-13.800013967768715
-14.999159148734043
-6.239225392342873
-12.564201662703898
-14.68893173636267
2.3456099999999998
-1.5998008835935498
-1.5193077944638786
-4.270534415140513
-2.7411293364273472
5.058215473308758
12.371886760165072
5.5281635958237105
-3.6639700000000004
-2.31072
-2.6311310102570094
-3.2881520366856116
3.1888242135603004
3.3994610721510097
-2.2862773312279634
-8.26340703020364
-0.58374
-6.289923289733097
-1.7237117580236763
-7.563016963028058
-3.994336040183111
3.5905333030561515
-16.32625383155491
-1.5757000000000003
-7.225223887298618
-8.074817680716022
-19.028809021140233
-6.372645183463043
7.2465316725471185
-4.213124193094848
-4.624846162291375
-1.9025617614642252
-5.111987738417381
-3.636575237958391
-2.168671867121243
-0.1638630986063132
-3.0377721270430746
-3.1253193683464837
-2.2753041629782587
-4.254591790749838
-1.3977487121482848
-4.128495060124331
-6.87848449620477
-7.255850975766146
-4.6475721126412814
-8.112800793227871
-5.954131247351415
-7.815587767175827
-9.353265878380324
-0.8445510216970834
-15.97191754542693
-2.6326361528178666
-13.340034355114947
-12.39059726944851
-15.479518962810653
-11.780234178173025
1.5501999180784436
0.0
0.0
0.0
0.0
0.0
0.0
0.0
0.0
0.0
0.0
0.0
0.0
0.0
0.0
0.0
0.0
0.0
0.0
0.0
0.0
0.0
0.0
0.0
0.0
0.0
0.0
0.0
0.0
0.0
0.0
0.0
0.0
0.0
0.0
0.0
0.0
0.0
0.0
0.0
0.0
0.0
0.0
0.0
0.0
0.0
0.0
0.0
0.0
0.0
0.0
0.0
0.0
0.0
0.0
0.0
0.0
0.0
0.0
0.0
0.0
0.0
0.0
0.0
0.0
0.0
0.0
0.0
0.0
0.0
0.0
0.0
0.0
0.0
0.0
0.0
0.0
0.0
0.0
0.0
0.0
0.0
0.0
0.0
0.0
0.0
0.0
0.0
0.0
0.0
0.0
0.0
0.0
0.0
0.0
0.0
0.0
0.0
0.0
0.0
0.0
0.0
0.0
0.0
0.0
0.0
0.0
0.0
0.0
0.0
0.0
0.0
0.0
-7.464
-1.8
-3.949397844130745
-1.530751892431072
0.0
0.0
-2.014577491922601
-3.51918
-1.8187514517433285
-10.291122
-8.402043829545166
0.31837619337336015
0.0
2.189941026079663
0.0
0.0
0.0
0.9426585091292523
0.0
0.0
0.0
0.0
0.0
0.0
-1.0
-1.6
0.0
0.0
-1.5276317858390862
-1.7776184085983702
0.0
0.0
7.3006230502203655
0.0
-2.3015659639607486
-2.1385656773853303
-2.9228447028353566
-4.6194580467872655
-2.8739627336878977
0.47116339017752207
0.0
1.7878933710082547
0.0
0.0
0.0
0.0
0.0
0.0
0.0
0.0
0.0
-1.6
0.0
0.0
0.0
-1.6
-0.6742169178129928
-4.5600000000000005
0.0
0.0
0.0
-1.8
-3.42
-0.8073318656251894
-5.8974
-1.8
-0.3083242843900159
-5.698
-4.0200000000000005
10.806995348925085
0.0
0.0
0.0
0.0
0.0
0.0
0.0
0.0
0.0
0.0
0.0
0.0
0.0
0.0
-1.2000000000000002
0.0
0.0
0.0
0.0
0.0
7.82856248347576
-11.160928676708837
-0.4868067084072127
-0.7195268607255176
-3.0829356941125994
0.0
-1.8
18.076956835411117
-2.8000000000000003
0.0
0.0
0.0
0.0
0.0
0.0
-9.6292
0.0
-2.2
0.0
0.0
0.0
0.3775635166589324
-3.0
-0.7225816202815685
-0.6587980835319933
0.0
-0.11778680628954197
0.0
20.22110270669327
-1.8
-2.947794
-5.16
0.0
-3.3700589507350402
0.0
27.270851521193485
0.0
0.0
0.0
0.0
0.0
0.0
2.892479021343502
4.5092511039307155
0.0
0.0
0.0
0.0
0.0
0.0
-1.1767839999165353
-3.5424417914955004
0.14242145673922058
-1.0252023243400372
-0.5488834601829713
0.0
18.20162850039088
-1.0
0.024504075733017175
-1.6180273733111494
-1.6
3.25968823822015
1.1321034074095422
10.90138457922422
-2.0179647570307804
0.0
0.0
-1.0
4.041700689821189
0.0
0.0
-14.769171472158803
0.0
0.0
0.0
0.0
0.0
-0.9078139476047264
-2.14
-2.866176308949319
-2.485440339470469
0.5759250224763826
-1.8
-5.16
18.961262772228185
-7.2150377974481215
0.0
-2.243832311185708
-1.412719024293859
0.0
0.0
2.2044080870811076
-1.6
0.0
-1.0
0.0
0.0
0.0
0.0
-1.6
-3.3303000000000003
-2.04
-2.64
0.0
0.0
-1.0
-0.44539758233699994
-0.31964757030780083
-2.0
-1.6
-3.5
0.6947824352615756
33.283884193445246
-1.0
0.0
0.0
-0.8841700000000001
0.0
1.3629671625116937
21.120487442113944
-3.357
0.6277564087181213
0.0
0.0
0.0
0.0
2.9492191017689926
-1.6
-0.6000000000000001
-1.6
0.0
0.0
0.0
3.53117020324012
1.6151072969219926
0.07718427589414864
0.31414061200881094
-7.416
-0.47105470397543986
0.0
46.43698824958034
-0.9775710528941405
-0.6901332660520667
-5.17
-0.3777134515521272
0.49605629831950077
0.22636256630641807
19.312742547934626
0.0
-1.58542
0.0
0.0
0.0
0.0
0.0
0.0
0.0
0.0
0.0
1.5203726309675778
0.0
0.0
-1.4412671105544574
-0.6157803176491417
-4.98719120059122
3.4481512671126726
2.6444726904351077
0.0
34.99500788588203
0.030443845912627374
0.0
-0.3012457651921827
0.0
0.0
-0.8990199082482686
17.337779917877334
-1.0
0.41845473969476815
0.0
2.8647
0.0
0.0
-2.292610782727218
0.16706643325280332
0.0
-4.334900182567065
0.0
2.574573690636493
0.0
7.0709203003812195
-0.8790104279522767
-2.375066108202297
-0.8470945404671526
-0.5076503939646487
1.0435645179323423
-0.5884170000000001
18.261827977026023
-0.1258849569222754
-0.54
-1.8776470193499288
-0.6000000000000001
-6.197773872438775
-1.6
7.107575459290358
-0.9997041450521735
0.0
-1.9
-2.3236859933331413
0.0
0.0
0.0
-4.06559416330888
-5.266210840910152
-0.6000000000000001
0.0
0.0
0.0
-1.6
-1.2343490079821624
-1.0
-0.4918969252924334
0.2391392038646486
0.48651743205800724
0.7802182533191652
60.16825566685789
0.7333075899224561
0.0
0.0
0.0
0.20000000000000018
0.0
19.77708491957868
0.0
0.0
0.0
0.0
0.0
0.0
6.760153476728029
0.0
0.0
0.0
0.0
0.0
0.0
0.12043470000000003
-1.4580000000000002
0.0
-2.1461682813277023
-1.0434874934309668
1.7789634286009308
0.0
39.441666134712264
-6.354953389035319
-1.352624472787163
-4.448615830028065
-0.13045533000238896
0.0
0.0
29.116783667180982
1.196438385856542
-4.179
0.0
0.0
2.70955768043945
0.0
6.71570835351273
0.0
-2.04
0.0
0.0
0.0
0.0
-0.5097967428292893
-2.0
-2.3558064138068
0.0
0.005994829855530002
0.15152077442145745
0.5103390686242631
24.224802964690316
0.0
0.0
0.2589956252468628
0.24300000000000002
0.0
0.725589430449663
23.32059031821074
0.0
0.0
2.776393303314033
0.0
0.0
0.0
2.2638900805965276
0.0
0.0
0.0
-1.1781300000000001
0.0
0.0
0.0
-0.31880419703886886
-1.3817560290780078
-2.7456341063341236
-2.415542929270633
-0.9371228096642841
-0.5934632757
13.60952448768849
0.043253224903655386
-3.9
0.0
-0.6406581287107346
-0.6841826120728831
0.0
14.87125096212705
-1.6
0.0
-1.713947962759412
0.7012496484297711
0.0
0.0
3.1163682141609144
-16.561376862641254
0.020400366570360835
-1.6
0.0
0.0
0.0
2.6621591533853137
-0.6000000000000001
-1.223095958864639
-0.9107402022978386
-2.7706354708368908
-0.9541743529804868
0.6130275545393049
55.789575479036
0.0
0.0
0.0
0.0
-1.6
0.0
39.96363924959407
-1.7995496726680358
0.0
-1.0
3.842284292145624
-3.0809387494756417
0.0
10.956702114486882
-3.58
0.0
0.0
0.0
0.0
0.0
0.0
0.918
0.0
7.359506363143085
-1.741994820814799
-1.7476306757409736
-0.7165612881961321
40.607344042204666
-3.8129999999999997
-2.6260000000000003
2.431548887339373
1.1140646877686096
-2.967232543016476
0.0
34.4822414383123
5.322923123029074
0.0
-0.763572
0.0
-1.2000000000000002
0.0
8.159081520764536
0.0
0.0
0.0
0.0
0.0
0.0
5.940392204110586
-2.5
-0.21689658814641724
-0.05982433706868461
-1.4089447633122303
-0.1247164109832013
-2.065398663856111
15.574559183716953
0.0
-1.4902091679734022
0.5487693485386194
-1.0
-2.0018441753687224
-2.1397124002415207
14.410126993482724
0.07639330331403288
0.0
-0.9984677659300001
-0.9984677659300001
0.0
0.0
4.234069440332393
0.0
0.0
0.0
0.0
0.0
0.0
0.0
-0.3188646
-1.2464229212382834
-3.221595675901885
0.6599119916018132
2.9820463536744266
1.7294021630093739
1.0886636156420981
-3.954228613501509
-1.332815360487575
-0.1882295620116417
-0.03431073498698805
-2.303561994030562
-1.2633316282024423
3.2789247813454563
-0.6000000000000001
0.01702482300000001
-5.43342
-1.0
-0.2940616606571948
0.0
-0.9984677659300001
-3.174627497396137
0.0
-2.04
0.0
0.0
0.0
3.9957950074827746
-1.0
-0.9995958864639294
-0.2928038745007127
1.871709358063201
-0.13986902088094874
-1.5944359239053623
35.82239961954099
-2.0
0.2985458016674606
0.08042779047347141
0.0
0.5473964456779522
0.0
29.187067943415336
4.0745202664169616E-5
0.0
-0.6000000000000001
2.896270394732212
3.374889526287104
0.0
26.747435048651685
0.0
0.0
-0.5722976726680358
0.0
0.0
0.0
7.679694685000181
-0.6000000000000001
-0.17432399354192823
5.225754547548489
7.434637581331669
-0.2863963087654748
-0.923554313405818
11.056808709363244
2.1506983062758884
-1.0
10.594839630262005
2.828193349548545
0.604065903379582
-0.09065212933694455
5.74385306427679
5.147084011472615
0.0
0.0
0.0
0.0
0.0
3.3787865960658454
0.0
0.0
0.6477992195537307
0.0
-1.9338105045592506
0.0
3.821422740406068
-0.21109899559481585
0.0
0.0
-1.6015593366241265
0.0929083803435738
-2.3346264587513947
1.8603758893448221
-1.4853724503274086
-2.1800542063988875
-1.346286597969364
0.0
0.0
0.355108022016559
2.9117356068953755
-5.1325
0.6679513183389898
0.0
-1.5759349438904735
0.0
0.0
-5.790997017862742
-15.81181973944926
-4.768721175284561
0.0
-1.2460491058004977
0.0
0.0
-2.655139844889144
-2.0
-1.026
-0.9416237051993437
0.4533587488436443
-2.487172250896066
11.580348289465741
-1.7593870962116185
-0.8186988531763153
-2.2800000000000002
-2.144425207845873
-0.13823568780253068
0.0
-1.5524205465171597
-0.7779569310488403
-0.6000000000000001
0.0
-1.0
-3.976031312851304
0.0
-0.6000000000000001
1.133241209488662
0.06237083013071727
0.0
-6.444160000000001
-1.6
-1.0301517815768404
0.0
0.0
-0.5953466494599001
-1.0
-0.052724981103071326
1.875751306868105
-2.597208116278507
1.8956368917760136
2.6924329800482063
0.04287582908513889
1.5101243684315155
-1.435751236995106
0.7213081590925045
3.9342948496270504
-1.2837952413084506
5.1523437097339135
-0.257714899363395
-0.33062348550459186
0.0
4.6979674540944885
0.0
-1.189350354271366
15.877557557818147
0.0
-1.9049077871338609
0.0
-1.0
2.783939401528066
0.0
4.975215031042339
0.0
-1.1934419894678854
15.507136406434899
12.337203864746073
-0.27037384099857187
-1.0162394800727936
10.81838651136514
0.0
-2.0634
9.549508943986206
-0.5713461425963976
0.0
0.160342807427616
5.39785207422373
2.7
-1.2000000000000002
-0.4994595691049316
0.0
-1.1781300000000001
0.0
-0.5430343758545558
0.0
0.0
0.0
0.0
0.0
-0.4780520446464279
1.3787453754067276
-1.0215957934261157
-1.0015620419256805
-3.2446048280307984
-1.0365583975910835
-4.889589201325727
-1.4170448642026163
2.7121118567500844
0.13709998131243006
-1.7029209927431084
-1.3088070647563699
0.0
-1.4958868326696606
-0.14454351719393732
5.530860825394921
-0.5902825418852818
-1.6
0.0
-0.5769762716876085
-0.433258272380097
0.15106664140297812
3.8401541365520178
-1.0
0.017196429730945536
0.0
0.0
0.0
-0.3741301383226353
1.2230237283123917
-0.1537201637341239
-1.7821682954938656
-0.8961574920001038
-1.3354097756493728
1.9046532939783427
16.635919389470995
6.8478100985190595
-0.6364202016366557
4.46017427037082
0.0
-0.1448097718775566
-0.5083447486525429
6.384714948709589
-0.19753053431355316
0.0
0.0
-1.7366878
0.6603198282031908
-2.4352450790092055
-1.1164593395709712
-0.502674904555792
0.0
0.0
0.0
0.0
-3.7312450790092053
-0.6000000000000001
0.0
-1.4843111194526406
-1.7770072118583573
-1.0049691796575828
-0.26050721681404154
1.2663041469650709
7.5658800314072305
5.690502971665532
0.4052800958429146
1.0048286430953348
1.4135743684576452
1.685042118275646
0.9198602323929148
0.3039034414279156
6.795361701488977
-0.6947777652819528
-0.8716115688096209
0.0
0.6065781402055416
0.0
-3.7157740179412064
8.554817829818317
0.0
0.0
0.0
0.0
0.0
-0.448675590102667
2.466998038989156
-1.2000000000000002
-0.248376426976875
10.200512694323987
12.997138934177858
-0.25849390927723204
0.0
10.82997124707714
-1.6
-0.7121388909772047
6.383823578061093
2.8340237454293487
0.08864788571651258
0.17065107072591146
2.8167588758097803
0.31033361404014054
0.0
0.0
0.0
1.0633325697112008
0.0
0.0
-1.2000000000000002
-0.6000000000000001
-0.8631975541682142
-0.5824024566009237
-0.2616961183160484
0.0
0.0
-2.1342314243025107
-1.0683773937387864
0.8898148288562107
1.3523916119687451
-0.27508443958203355
-1.2978310888685534
-5.976540687179563
0.0
0.0
-2.431662860393095
1.4327352364490473
0.5172429103692033
-4.087019146927428
0.4854800047250084
-1.492
-1.0
-4.111660512421915
-3.194008133202695
-0.43880178605212616
-0.666705175994319
3.897385401600869
0.0
0.0
-1.0359892637515025
-2.8583419309909384
0.039374778069507003
-0.03312904357352752
0.2602232077028128
-0.12025501635925305
0.0
-5.368228826101919
-0.8901844917670119
3.319737979116649
4.259811668641373
4.549937890963321
-0.16978111489416248
2.8636181680145327
-0.5878663607244536
0.0
-0.598620989337
-5.923397799765246
-1.136596563724701
-3.39
0.0
-0.45083835092909486
-0.8980629724486964
0.0
-2.4688333958467523
7.375367400551221
-15.22545916346168
0.0
-1.0904254809847467
0.0
0.0
-2.13949865645184
0.0
-0.6129000000000001
-0.2888624214693393
-0.8219082492719585
0.8813540676713042
-0.2615018286420713
1.2985911334600244
8.879310322783102
-0.6000000000000001
-0.8952032575812281
0.025564012560319316
-1.1732285395363706
0.0
-0.5787406026745903
-2.0915442693903135
-0.15947326215784416
-4.711419229226037
-1.392613924571745
-0.15672005975306896
-1.3879221409475797
-7.8898319168039315
6.462541902226297
0.0
-1.5341267880051856
0.0
0.0
-3.2594501525992436
-6.740384959535748
0.9800974334528796
-3.436148073391185
-2.642739741467729
3.116182833983514
6.44844231470597
-7.3802739806502
-1.7497470209075412
-0.7953370664727825
-3.9367199999999998
-2.7015740239598394
3.8083580696562853
0.7033342908983565
-2.119520745229387
-3.060878722339292
0.15824727084562507
-0.553122120831
-4.704002278616951
-8.275016838342072
-7.244233133658614
-6.812563859863048
-1.2393974139872084
-0.40011360929696244
-0.5589354738467166
-11.905234797614284
-10.252347428803178
-12.16022132468543
-6.80132223925639
-6.461665792667845
-0.08804833902371945
-4.347361046561628
-4.656182060815711
-6.830522270342934
0.8136898499639839
-1.8196582598712945
-2.4280375562369008
-2.352993173043769
-2.1747177602436043
-1.254458328855726
-2.853463019561512
-1.6028378761735245
3.0331099349047057
-2.736577364430162
-5.449862118317508
-11.87069932345683
-3.3400984805653637
-8.064798847956844
-6.343329052710488
-6.107868246382884
-8.42197813851513
0.36946199505856403
-19.81468305391266
-12.57486462292625
-10.714504839821888
-14.054971688651715
-8.476751105850301
-12.03706997773883
-3.4319806167399767
-4.146239573587609
-2.9893767749154643
-1.983162820675436
0.7270655322210859
1.8408979477832361
2.958640443253957
0.15136799607604812
-1.0779247774915466
-3.3574571899192778
-2.1151872961319667
-0.7732370858430968
0.4985597456774147
-4.832011270602974
-3.4342658918046056
-6.650127899999999
-0.09357881986459798
-1.6758205048554127
-7.8806573583176736
-5.828519424726956
-6.137030818145544
2.1327606554260465
-16.242213615312135
-1.2000000000000002
-3.2377358381829446
-11.84049456044607
-4.8930330753237214
-9.06524986880758
0.6190808888648229
-4.072693225211844
-4.385981443145525
-2.4256810512948777
0.2542984349357355
-6.965485477660821
-0.6165468950763247
1.1334322076299852
-2.7069326193509107
-3.7868848358021157
-2.4803115334276833
-1.7895989642603782
-3.9111036678549604
-2.6012332408357164
-5.245418164457268
-2.2464234958600313
-2.9658349660314167
-4.389843904130046
-7.087534578150095
-11.982322035412407
-5.589387637106802
0.9737310390902504
-10.52193716608097
-15.130912484685323
-11.385688882454339
-12.872551793545611
-14.22560829646174
-9.388817017590627
2.407725629333613
